SENTINEL-1A             
1 39634U 14016A   26175.29320235  .00000118  00000+0  34712-4 0  9994
2 39634  98.1784 182.7222 0001374  81.6349 278.5007 14.59201169651058

SENTINEL-2A             
1 40697U 15028A   26175.27763473 -.00000085  00000+0 -15942-4 0  9991
2 40697  98.5679 250.0288 0001123  93.1752 266.9559 14.30816597574744

SENTINEL-2B             
1 42063U 17013A   26175.27042733 -.00000166  00000+0 -46545-4 0  9998
2 42063  98.5687 249.9450 0001171  90.3285 269.8033 14.30817922485656

SENTINEL-1B             
1 41456U 16025A   26175.26795796  .00001382  00000+0  11833-3 0  9998
2 41456  98.0958 236.3000 0017803 102.5550 257.7664 14.99234738544844

SENTINEL-3A             
1 41335U 16011A   26175.29968180  .00000071  00000+0  47395-4 0  9998
2 41335  98.6246 242.5812 0001424  98.0107 262.1235 14.26734381539077

SENTINEL-3B             
1 43437U 18039A   26175.20270139  .00000078  00000+0  50077-4 0  9994
2 43437  98.6245 242.6343 0000731 102.3098 257.8165 14.26736509425126

SENTINEL-6A             
1 46984U 20086A   26175.19039378 -.00000057  00000+0  17151-4 0  9999
2 46984  66.0405 120.5068 0007888 270.1045  89.9066 12.80929965261228

SENTINEL-6B             
1 66514U 25264A   26175.19074172 -.00000057  00000+0  18752-4 0  9992
2 66514  66.0405 120.6321 0007974 269.0501  90.9601 12.80929981 28060